global_step = 900
loss = 7.8921924
masked_lm_accuracy = 0.040296696
masked_lm_loss = 7.251999
next_sentence_accuracy = 0.6375
next_sentence_loss = 0.64303756
